#Agilent C-sharp 2015
#.CSV format file
#Created at 25.02.2015 16:14:53
#Freq Ghz	S dB
"Freq [Ghz]","db(S(WavePort1,WavePort1)) []"
0.01044,0.539545939386189
0.1104139,-0.555862985183729
0.2103878,-0.624400911472811
0.3103617,-0.547353013389407
0.4103356,-0.66764777146869
0.5103095,-0.9356517450577
0.6102834,-0.821402934346098
0.7102573,-0.797749400694606
0.8102312,-1.09667369540831
0.9102051,-0.825573500450655
1.010179,-1.01087323401112
1.1101529,-0.895075964831962
1.2101268,-1.24873473707055
1.3101007,-0.839211968144865
1.4100746,-1.09184373859114
1.5100485,-1.29726278545482
1.6100224,-1.11243420527909
1.7099963,-0.856498199892683
1.8099702,-1.66727905642728
1.9099441,-0.882852128146373
2.009918,-1.40829994616372
2.1098919,-1.05222511760551
2.2098658,-1.81278384050652
2.3098397,-0.747578737804612
2.4098136,-1.65166640784846
2.5097875,-1.28721555175481
2.6097614,-1.47093466735047
2.7097353,-0.925134531163149
2.8097092,-1.86731732353145
2.9096831,-1.22281009925339
3.009657,-1.38848080322814
3.1096309,-1.55524625988091
3.2096048,-1.67146399239093
3.3095787,-1.35781266489164
3.4095526,-1.46617220786237
3.5095265,-1.93248574200318
3.6095004,-1.55555959932914
3.7094743,-1.61462612943303
3.8094482,-1.92113863112441
3.9094221,-1.92948223031391
4.009396,-1.61401700635641
4.1093699,-1.94227165330601
4.2093438,-2.09923710640973
4.3093177,-1.84460553932055
4.4092916,-1.73420369548378
4.5092655,-2.11028210435143
4.6092394,-2.01355459307727
4.7092133,-1.53784210135033
4.8091872,-2.26117333098018
4.9091611,-1.90645729241046
5.009135,-2.0853194321972
5.1091089,-1.68881878450032
5.2090828,-2.37780852515786
5.3090567,-1.96267935962421
5.4090306,-1.79732092186097
5.5090045,-2.21630127833564
5.6089784,-2.27746170706767
5.7089523,-1.82605022441424
5.8089262,-2.12025597075297
5.9089001,-2.37129827248142
6.008874,-2.04637341670184
6.1088479,-2.08687293207177
6.2088218,-2.12875080855787
6.3087957,-2.73535335871002
6.4087696,-1.48557312895418
6.5087435,-2.62622479606414
6.6087174,-2.21558231991907
6.7086913,-2.24705565370113
6.8086652,-1.82778103362141
6.9086391,-2.63617964296588
7.008613,-2.16415839580856
7.1085869,-2.03188200643844
7.2085608,-2.28218222164167
7.3085347,-2.69697081457405
7.4085086,-1.94261804736558
7.5084825,-2.17182272009412
7.6084564,-3.01451181153337
7.7084303,-2.10993820002303
7.8084042,-2.50472709250066
7.9083781,-2.34051712056683
8.008352,-3.18065594311354
8.1083259,-1.63650617566137
8.2082998,-2.92006028187485
8.3082737,-2.7359166028246
8.4082476,-2.45897817928088
8.5082215,-2.15885102473923
8.6081954,-3.0960352652706
8.7081693,-2.44980424994209
8.8081432,-2.19358132436957
8.9081171,-2.75297451137323
9.008091,-2.95725227981258
9.1080649,-2.29409216781388
9.2080388,-2.25111290778085
9.3080127,-3.4987639852724
9.4079866,-1.98718351762283
9.5079605,-2.82685705326952
9.6079344,-2.69001163930339
9.7079083,-3.27827066572405
9.8078822,-2.10968671622561
9.9078561,-3.09043737763976
10.00783,-3.12549297102545
10.1078039,-2.54012834921821
10.2077778,-2.47835573965749
10.3077517,-3.11169345879644
10.4077256,-2.89417565371576
10.5076995,-2.25722752055698
10.6076734,-3.37431077085344
10.7076473,-2.7202374500658
10.8076212,-3.06237671031698
10.9075951,-2.11703291048434
11.007569,-3.87235454758048
11.1075429,-2.29241892501411
11.2075168,-2.93110003127413
11.3074907,-2.98636931646062
11.4074646,-3.44920700535103
11.5074385,-2.36303054429763
11.6074124,-3.07902954047244
11.7073863,-3.369527986883
11.8073602,-2.88661497393479
11.9073341,-2.80153490748459
12.007308,-3.20149053210754
12.1072819,-3.59264251721605
12.2072558,-2.00755036671383
12.3072297,-3.7966035860048
12.4072036,-2.92257935148195
12.5071775,-3.30833886993072
12.6071514,-2.25046552493847
12.7071253,-3.86036783789822
12.8070992,-2.78013368060273
12.9070731,-2.67429249463874
13.007047,-3.07916385427168
13.1070209,-3.57774583908671
13.2069948,-2.48958076206582
13.3069687,-2.91253206852211
13.4069426,-3.76614806770349
13.5069165,-2.51488037263403
13.6068904,-3.10859095815826
13.7068643,-2.98461567002025
13.8068382,-4.03341516810894
13.9068121,-1.87160491973219
14.006786,-3.86323312433683
14.1067599,-3.3158268997231
14.2067338,-3.21536009590894
14.3067077,-2.77419412462774
14.4066816,-3.87326099039763
14.5066555,-3.06937988149163
14.6066294,-2.50312673580979
14.7066033,-3.40483875860107
14.8065772,-3.36847270955355
14.9065511,-2.92972527959864
15.006525,-2.40675435312186
15.1064989,-4.59451736854368
15.2064728,-2.38264520747947
15.3064467,-3.77771503507094
15.4064206,-2.81455504974179
15.5063945,-4.24290871240534
15.6063684,-2.16907955822658
15.7063423,-3.79759995597089
15.8063162,-3.7644645009878
15.9062901,-3.34305967476959
16.006264,-2.97545603207065
16.1062379,-4.04239888552446
16.2062118,-3.63842617434837
16.3061857,-2.61153661346041
16.4061596,-4.06241715166192
16.5061335,-3.21196331610433
16.6061074,-3.71518611742908
16.7060813,-2.20516944362423
16.8060552,-4.79508557851825
16.9060291,-2.41324271454585
17.006003,-3.59531822330303
17.1059769,-3.12609544757958
17.2059508,-4.03243091120887
17.3059247,-2.58853524112044
17.4058986,-3.52231651068848
17.5058725,-3.7310397060263
17.6058464,-3.16557963273363
17.7058203,-3.378636320774
17.8057942,-3.42468427458036
17.9057681,-4.43782806316002
18.005742,-2.19100717448995
18.1057159,-4.65951889828857
18.2056898,-3.02147134962887
18.3056637,-4.39796335711837
18.4056376,-2.39126230314955
18.5056115,-4.69674757665265
18.6055854,-3.18647966098083
18.7055593,-3.65442559229258
18.8055332,-3.36589800468362
18.9055071,-3.81294228260035
19.005481,-3.34685593348274
19.1054549,-3.05431576151113
19.2054288,-4.5894700616478
19.3054027,-3.31550687008073
19.4053766,-4.33112648715408
19.5053505,-2.83101801627135
19.6053244,-5.07100627737592
19.7052983,-2.76668871046133
19.8052722,-4.38958700462761
19.9052461,-3.67510324283776
20.00522,-4.46075409163371
20.1051939,-3.29008477950659
20.2051678,-3.93629982109856
20.3051417,-4.21724029100371
20.4051156,-3.29181649851716
20.5050895,-3.96603800421358
20.6050634,-3.5747536277647
20.7050373,-4.76595415761092
20.8050112,-2.53507426562799
20.9049851,-5.03844463259855
21.004959,-3.58198624459188
21.1049329,-4.5672374775064
21.2049068,-3.68338984639623
21.3048807,-4.80114459641218
21.4048546,-5.1273964891985
21.5048285,-4.72282195027678
21.6048024,-6.42128783176565
21.7047763,-5.12349499316517
21.8047502,-6.69137408408215
21.9047241,-4.91335658201919
22.004698,-8.14080367652075
22.1046719,-7.05571564555774
22.2046458,-10.3911229924671
22.3046197,-8.3329244728971
22.4045936,-8.78903797787697
22.5045675,-9.79293957192037
22.6045414,-8.64154667503949
22.7045153,-12.3384559901388
22.8044892,-9.21247281420762
22.9044631,-16.2781558781211
23.004437,-9.78554277598598
23.1044109,-22.7751967144214
23.2043848,-10.0524642066679
23.3043587,-19.0291376219045
23.4043326,-11.1624809773658
23.5043065,-19.4320030595255
23.6042804,-14.1496173537804
23.7042543,-19.3242850048798
23.8042282,-16.6927798101991
23.9042021,-19.9832006019034
24.004176,-22.3677738369493
24.1041499,-22.7912783621358
24.2041238,-27.0666634683741
24.3040977,-22.2129346807179
24.4040716,-29.8298013999601
24.5040455,-36.6513241073754
24.6040194,-42.4861474424815
24.7039933,-23.5538096804329
24.8039672,-25.695218488789
24.9039411,-24.2708956832678
25.003915,-25.0445700311359
25.1038889,-22.0105806738744
25.2038628,-26.5468051612354
25.3038367,-20.8580511862821
25.4038106,-23.8619735901564
25.5037845,-22.3107935420284
25.6037584,-24.1628879831355
25.7037323,-18.3080903957773
25.8037062,-20.4358316288738
25.9036801,-28.3617703162946
26.003654,-24.4552769593168
26.1036279,-32.3165315780788
26.2036018,-22.7872348648867
26.3035757,-25.6168767935366
26.4035496,-20.3472722898376
26.5035235,-29.2266673648674
26.6034974,-23.7050546522713
26.7034713,-28.6051537276796
26.8034452,-19.7501462835661
26.9034191,-26.6304898654286
27.003393,-19.3738348572307
27.1033669,-21.7768294287134
27.2033408,-17.3801458663356
27.3033147,-22.8710977565105
27.4032886,-21.73041144316
27.5032625,-23.1937724684852
27.6032364,-25.2655482797165
27.7032103,-23.6802787743356
27.8031842,-23.6693567276168
27.9031581,-21.5511932174448
28.003132,-38.7603773515303
28.1031059,-23.4083125913969
28.2030798,-36.3246818525904
28.3030537,-24.4498727341882
28.4030276,-25.3112360530687
28.5030015,-21.7519027924942
28.6029754,-30.9053357470519
28.7029493,-18.6594590189042
28.8029232,-17.8804145727979
28.9028971,-21.4404612687526
29.002871,-21.5748296993495
29.1028449,-20.5006523354841
29.2028188,-16.8603557193859
29.3027927,-20.7214224644918
29.4027666,-22.0181602538574
29.5027405,-23.434132991187
29.6027144,-18.1891832568733
29.7026883,-21.0881945719458
29.8026622,-16.4107699079334
29.9026361,-20.0628454823916
30.00261,-16.1250699271385
30.1025839,-18.8710160890012
30.2025578,-16.2069249289804
30.3025317,-30.1115730872624
30.4025056,-20.0193511102312
30.5024795,-23.5961360951382
30.6024534,-23.6741279380638
30.7024273,-27.031293138288
30.8024012,-32.175082737568
30.9023751,-31.0059739075302
31.002349,-38.3102031153019
31.1023229,-29.1176979871541
31.2022968,-25.732585344664
31.3022707,-23.9480429557216
31.4022446,-32.9000518286101
31.5022185,-19.3037936959245
31.6021924,-20.7109933197835
31.7021663,-22.686499578058
31.8021402,-23.6557084207231
31.9021141,-19.2832219022451
32.002088,-18.6269666991219
32.1020619,-17.9593092027066
32.2020358,-20.0210006377958
32.3020097,-25.2198829762834
32.4019836,-18.9460331698309
32.5019575,-19.9111845055652
32.6019314,-25.6989276187177
32.7019053,-27.6482296579665
32.8018792,-27.4882781934705
32.9018531,-39.4598484630646
33.001827,-25.2295976926042
33.1018009,-32.3639472206833
33.2017748,-26.6877320851463
33.3017487,-37.2353293282364
33.4017226,-18.1993035344001
33.5016965,-18.2160779846964
33.6016704,-20.9373116557757
33.7016443,-18.5368393234049
33.8016182,-14.2259144415475
33.9015921,-14.4712476113753
34.001566,-17.0941387990174
34.1015399,-17.9981562248498
34.2015138,-17.4112135994082
34.3014877,-17.7217217003848
34.4014616,-16.9448005108614
34.5014355,-19.5809113976635
34.6014094,-17.9114254689587
34.7013833,-25.4183013636462
34.8013572,-22.7732425908248
34.9013311,-19.5445058387944
35.001305,-17.6805613186228
35.1012789,-23.3416548557401
35.2012528,-16.096827060837
35.3012267,-15.0583491136139
35.4012006,-14.7906502305016
35.5011745,-17.1406930218505
35.6011484,-16.9149704716162
35.7011223,-14.0882016595003
35.8010962,-15.7645217289619
35.9010701,-16.5464871194716
36.001044,-15.5380037230082
36.1010179,-14.590605690859
36.2009918,-17.7954714072538
36.3009657,-15.1520125632028
36.4009396,-15.8470950099626
36.5009135,-17.0758224514263
36.6008874,-24.9600712774112
36.7008613,-21.8108278665104
36.8008352,-18.1507290870325
36.9008091,-20.2128115113742
37.000783,-25.3084513205173
37.1007569,-25.9474180326953
37.2007308,-19.153574204971
37.3007047,-40.0223061142057
37.4006786,-21.8041510248672
37.5006525,-22.4883977262838
37.6006264,-19.6468309004191
37.7006003,-25.2088569666578
37.8005742,-19.7654288427394
37.9005481,-25.1659961020251
38.000522,-22.7797497283643
38.1004959,-24.1742303045623
38.2004698,-18.3404213050114
38.3004437,-22.2053526328013
38.4004176,-36.6234274158318
38.5003915,-21.7550759982533
38.6003654,-21.7373195359985
38.7003393,-20.9220105183768
38.8003132,-24.3191378854323
38.9002871,-19.2669526881493
39.000261,-18.9494965606403
39.1002349,-16.8041326125303
39.2002088,-16.8719301726627
39.3001827,-14.1939055779496
39.4001566,-17.0523282888124
39.5001305,-18.0102638298936
39.6001044,-15.0095742329862
39.7000783,-13.3903165810971
39.8000522,-18.7006906182184
39.9000261,-20.7584005005114
40,-18.5585972791122