#Agilent C-sharp 2015
#.CSV format file
#Created at 25.02.2015 16:05:11
#Freq Ghz	S dB
"Freq [Ghz]","db(S(WavePort1,WavePort1)) []"
0.01044,17.170164292875
0.1104139,16.9988431989454
0.2103878,0.399404783991071
0.3103617,12.3997907456644
0.4103356,8.36869188533931
0.5103095,9.15327393990808
0.6102834,-6.24342356559328
0.7102573,-8.77637966674431
0.8102312,-2.86313149910326
0.9102051,-3.80057451560642
1.010179,-6.08665256104844
1.1101529,-3.92716555031099
1.2101268,-9.07905601692603
1.3101007,-0.236914866117889
1.4100746,-0.698343084225953
1.5100485,18.7316106162254
1.6100224,2.18551509431583
1.7099963,5.99841269329356
1.8099702,13.3007041722388
1.9099441,5.36995846167175
2.009918,-7.19585867692157
2.1098919,22.5220332734493
2.2098658,2.59353853184433
2.3098397,9.56489264343331
2.4098136,-2.56159640039022
2.5097875,-3.16913951604553
2.6097614,-5.25626181865727
2.7097353,-2.77949697798374
2.8097092,-2.10288159705667
2.9096831,-10.9941612742754
3.009657,13.6724676082159
3.1096309,-7.03675642967517
3.2096048,-5.62722953983918
3.3095787,-5.06353093322553
3.4095526,7.48266096955381
3.5095265,-0.0363177295440648
3.6095004,31.0393143416387
3.7094743,11.8084290559135
3.8094482,-11.9384739352924
3.9094221,1.62565455371847
4.009396,3.40489299819918
4.1093699,-0.664373276691953
4.2093438,1.49960856114018
4.3093177,-3.13948759096816
4.4092916,21.2933850605326
4.5092655,2.28716220496615
4.6092394,13.2149605961455
4.7092133,-14.2587012833088
4.8091872,7.92117628154271
4.9091611,15.3752451424419
5.009135,13.1606661288633
5.1091089,5.86334836826788
5.2090828,0.54309110759237
5.3090567,-13.4427691230041
5.4090306,0.339398958021301
5.5090045,-0.153451952522437
5.6089784,3.47235072247556
5.7089523,4.08247808724838
5.8089262,-3.02235112382257
5.9089001,2.03694371455788
6.008874,7.42754705114218
6.1088479,3.84663896011667
6.2088218,31.82899790791
6.3087957,14.0800802303938
6.4087696,25.5994705856005
6.5087435,-0.2991475453909
6.6087174,-7.85814996736984
6.7086913,-29.3792497416884
6.8086652,11.7523389969849
6.9086391,5.65745729356509
7.008613,8.03359210770896
7.1085869,-1.14211848329208
7.2085608,18.0073210047185
7.3085347,-1.88320898931912
7.4085086,-3.75387302535356
7.5084825,-13.1304749461295
7.6084564,-3.29318094303217
7.7084303,-4.53118314078834
7.8084042,6.02831775005756
7.9083781,-4.14818896514696
8.008352,-1.78753405096561
8.1083259,4.44761981803783
8.2082998,-2.18131980520661
8.3082737,-4.15583103333455
8.4082476,-2.55316507534645
8.5082215,11.1073693798381
8.6081954,-2.25621852432943
8.7081693,-13.6133838537944
8.8081432,32.1739685387901
8.9081171,-10.582682476582
9.008091,-20.3163831738639
9.1080649,-1.55983663621249
9.2080388,2.82936098140544
9.3080127,0.641206409384552
9.4079866,7.76067753809925
9.5079605,11.4505805187673
9.6079344,10.507913641611
9.7079083,-0.377409441267046
9.8078822,14.7589185602402
9.9078561,10.9410151665094
10.00783,-1.92884480471344
10.1078039,13.6814991850265
10.2077778,-6.28843202160327
10.3077517,8.3531424691202
10.4077256,8.10811356345239
10.5076995,3.70487625634508
10.6076734,27.2244716370417
10.7076473,3.81393881701412
10.8076212,9.67683174937136
10.9075951,-9.85846679071378
11.007569,-7.36801275002109
11.1075429,-9.98940174271537
11.2075168,8.82151838441207
11.3074907,5.00723874146034
11.4074646,20.5149421045697
11.5074385,17.9099969751257
11.6074124,9.68768781627884
11.7073863,0.355077968043953
11.8073602,12.4454597612793
11.9073341,2.0670784361565
12.007308,8.74530902396383
12.1072819,19.9753605761212
12.2072558,10.3098023232501
12.3072297,15.408740965844
12.4072036,-9.87747221897027
12.5071775,-14.3048257547163
12.6071514,-1.09425808766149
12.7071253,-8.07236319776523
12.8070992,5.7977093329714
12.9070731,7.83974751763424
13.007047,-13.735242010873
13.1070209,9.67312527227605
13.2069948,-5.30166710907843
13.3069687,-7.14307255257651
13.4069426,8.44579388690905
13.5069165,16.7777826371644
13.6068904,-15.3655497672015
13.7068643,18.3508348226996
13.8068382,-2.73715742935582
13.9068121,-3.60066897487562
14.006786,16.3233837905988
14.1067599,-4.15142717202978
14.2067338,-7.15964965801751
14.3067077,14.4338636509926
14.4066816,7.52313277634576
14.5066555,15.9665192657119
14.6066294,16.6437009366266
14.7066033,14.6830977249719
14.8065772,4.36332828931054
14.9065511,17.1858181865444
15.006525,2.01288543141715
15.1064989,3.48867143716197
15.2064728,18.6720894616395
15.3064467,4.14799951652096
15.4064206,2.62387437876228
15.5063945,5.68630983412615
15.6063684,-9.79886602646222
15.7063423,-7.0160872742465
15.8063162,0.458770064552165
15.9062901,2.38230911465213
16.006264,25.7945840712848
16.1062379,-2.06299160447036
16.2062118,2.81197362141447
16.3061857,20.6826943810732
16.4061596,-15.5226705174822
16.5061335,-1.28043045387867
16.6061074,9.92141965950181
16.7060813,8.04938432016984
16.8060552,5.57699652295192
16.9060291,-4.9745618768841
17.006003,4.89217374822658
17.1059769,-11.0649047097105
17.2059508,1.6273091118451
17.3059247,-2.20807823669458
17.4058986,10.0799935166671
17.5058725,1.31496428850149
17.6058464,4.96063455721224
17.7058203,-5.8162952551857
17.8057942,-12.0166769763838
17.9057681,1.9712935421657
18.005742,10.6368790129904
18.1057159,1.73394237190582
18.2056898,15.0015934262265
18.3056637,-6.23474641768235
18.4056376,11.1278150289461
18.5056115,-5.14178654762008
18.6055854,9.3072600922617
18.7055593,12.8044549904488
18.8055332,1.57297442886558
18.9055071,5.25013657938524
19.005481,12.7865319519618
19.1054549,1.07859929639323
19.2054288,1.79439840724773
19.3054027,-5.09917657403165
19.4053766,-2.70441125360358
19.5053505,8.16045889236181
19.6053244,2.7518677934292
19.7052983,-2.91787082120871
19.8052722,0.728908839456594
19.9052461,5.13425111820319
20.00522,-1.56504377426589
20.1051939,-8.14286842541449
20.2051678,-4.27919017945537
20.3051417,0.5765625833656
20.4051156,-0.958511247345491
20.5050895,-3.66231837393878
20.6050634,-4.73461957890499
20.7050373,-3.87466491013238
20.8050112,5.46669773012111
20.9049851,4.23574182432643
21.004959,10.9985949312249
21.1049329,3.75021854178585
21.2049068,40.2364601664364
21.3048807,14.6702495667498
21.4048546,0.0706148794347562
21.5048285,0.74840008152628
21.6048024,0.0595875832912559
21.7047763,-12.9116879145724
21.8047502,-5.40112264395821
21.9047241,19.6175442632346
22.004698,-16.9289624448421
22.1046719,5.8594289726539
22.2046458,-8.32583120013113
22.3046197,17.2932257750493
22.4045936,2.18029165954568
22.5045675,0.789357698094528
22.6045414,7.34949265475834
22.7045153,7.03257561535749
22.8044892,3.06229312086777
22.9044631,-0.25153684611504
23.004437,11.1402041987848
23.1044109,22.6081165810428
23.2043848,-3.45396838195771
23.3043587,13.9336975628238
23.4043326,-5.242373023244
23.5043065,-5.2495860959851
23.6042804,-1.3895803773622
23.7042543,23.4741921954173
23.8042282,2.22742543513926
23.9042021,1.64982422504757
24.004176,0.776994197224134
24.1041499,15.0874192620754
24.2041238,3.56513229442776
24.3040977,-8.85389321228565
24.4040716,16.25658031903
24.5040455,17.4756850370774
24.6040194,-4.85977309192494
24.7039933,9.14554954284798
24.8039672,16.9162375235881
24.9039411,-8.48501779760169
25.003915,3.44312427357556
25.1038889,5.64520762901517
25.2038628,-13.3120801096633
25.3038367,0.346286881977182
25.4038106,13.2126735727245
25.5037845,5.6713315390229
25.6037584,-4.38340265308185
25.7037323,2.47816655854471
25.8037062,29.3132264140543
25.9036801,-1.34955941669529
26.003654,9.99305571921137
26.1036279,-2.04931209571002
26.2036018,44.1605949971771
26.3035757,12.5520520159819
26.4035496,-5.06689993329408
26.5035235,4.88684912992018
26.6034974,-12.4642519458726
26.7034713,4.06675899702854
26.8034452,6.47325775890553
26.9034191,11.910143736513
27.003393,4.27661043269666
27.1033669,-0.288614628961731
27.2033408,0.854947615671926
27.3033147,0.317390704146952
27.4032886,18.2085401794987
27.5032625,24.9458916728025
27.6032364,-3.99279599121763
27.7032103,-6.13967240897978
27.8031842,3.98227524572012
27.9031581,3.86723080646861
28.003132,-1.04518135289452
28.1031059,-3.9969011284532
28.2030798,12.7266274588968
28.3030537,2.90671648399786
28.4030276,-4.59803711021907
28.5030015,7.09068265943015
28.6029754,5.25176519474574
28.7029493,0.169079188907889
28.8029232,-0.166238772865387
28.9028971,-2.24160492107299
29.002871,-13.4140295330216
29.1028449,3.68891989965802
29.2028188,7.09387688688519
29.3027927,15.1537319753844
29.4027666,-0.962610525873079
29.5027405,11.0728294637348
29.6027144,16.3022981657204
29.7026883,14.2566154508788
29.8026622,-2.5210908489155
29.9026361,2.80949382679825
30.00261,-2.84826749700377
30.1025839,21.883591717502
30.2025578,8.72324769155637
30.3025317,6.9189103279828
30.4025056,5.24523022031869
30.5024795,6.90607643665645
30.6024534,-4.3576719803072
30.7024273,-7.31493275743316
30.8024012,7.67588827343541
30.9023751,19.3398899891107
31.002349,1.38780478338306
31.1023229,-12.9616299090824
31.2022968,1.99816092432069
31.3022707,0.267105526731059
31.4022446,-4.97449945600841
31.5022185,4.96290606960745
31.6021924,-1.20253395799581
31.7021663,1.29040732720618
31.8021402,0.150884107085489
31.9021141,9.34470216969982
32.002088,-14.3298339088979
32.1020619,14.6571448648361
32.2020358,0.450194450008145
32.3020097,-5.30838394939939
32.4019836,-1.80645207900545
32.5019575,15.5026963389394
32.6019314,-4.93834146830771
32.7019053,-3.33229247484656
32.8018792,16.9531343843695
32.9018531,-22.5731099052629
33.001827,-8.38689513397321
33.1018009,13.0618283918418
33.2017748,21.2194473985208
33.3017487,15.9001549973022
33.4017226,-0.855623472668397
33.5016965,-2.26904814829254
33.6016704,3.76338179176459
33.7016443,17.0256580209658
33.8016182,31.1228105589768
33.9015921,-9.25888399872175
34.001566,-12.4259584702646
34.1015399,24.5514410510583
34.2015138,16.3300110672734
34.3014877,35.1403318838109
34.4014616,8.29280462233208
34.5014355,12.4370082108821
34.6014094,4.88499722125921
34.7013833,-0.550636082450137
34.8013572,-14.0420617497684
34.9013311,-12.063743636762
35.001305,29.7452977397475
35.1012789,29.9726419575728
35.2012528,0.438618148941266
35.3012267,19.3675719884508
35.4012006,-8.78764957272984
35.5011745,-8.60413229841659
35.6011484,13.8416791647163
35.7011223,-8.90211749079965
35.8010962,-6.15580495151658
35.9010701,6.58403800143559
36.001044,-25.6720531261967
36.1010179,2.95986191367771
36.2009918,19.5760043190177
36.3009657,1.29045998403921
36.4009396,-5.92255160225564
36.5009135,8.27926724906439
36.6008874,-1.74621356487656
36.7008613,3.73026703415742
36.8008352,-5.2166259127827
36.9008091,6.33755635226996
37.000783,9.6217039947193
37.1007569,6.0939719974822
37.2007308,-1.52391372971091
37.3007047,11.6222810364896
37.4006786,4.7749568689885
37.5006525,2.10374080357442
37.6006264,27.9875559415079
37.7006003,-2.13304105469916
37.8005742,-4.06353458055249
37.9005481,25.9748990548249
38.000522,20.367959920703
38.1004959,-21.0080800250153
38.2004698,-1.19075945169054
38.3004437,-12.8884176118163
38.4004176,1.7281430887229
38.5003915,0.51427636302403
38.6003654,-0.240312573672808
38.7003393,8.28722949280704
38.8003132,3.820408132486
38.9002871,-2.86478014613059
39.000261,1.31681612216999
39.1002349,6.79243232162671
39.2002088,21.562828453234
39.3001827,-2.13945854326919
39.4001566,-0.72407616381592
39.5001305,8.46205794684247
39.6001044,-5.61824770637212
39.7000783,-4.93501830046138
39.8000522,-6.87553212237266
39.9000261,1.96968672726361
40,5.54540831172337